70.0 (system width (angstrom))
4.75 (bond length)
2 (type of atoms)
1.25 (atom radius of first atom type)
1000 (number of first atom type)
1.75 (atom radius of second atom type)
1000 (number of second atom type)
   .0573173   .8621645   .5545702
   .0896204  -.4618521  -.2103760
   .8469188   .2108622  -.0743508
  -.8208911   .2222881   .8013058
   .8379107   .9491332  -.6510139
  -.0719271  -.3885138   .2583570
  -.5230684   .0267444   .0497904
  -.2519066   .0456469   .3219967
   .1368642  -.9731364  -.9459088
  -.4997652  -.8341606   .0580246
   .4731314  -.7604125   .1897898
   .1772213   .2304676  -.6637645
   .1541805  -.7074726  -.0581861
   .3253365  -.0995533   .3457532
   .1081095  -.2282109  -.2287776
   .6324577  -.1383209  -.3112495
   .1530859   .1941540  -.2300365
  -.3100612  -.2972383  -.1470356
  -.9938219   .6052835  -.4149508
   .8939679  -.1280837  -.0284250
  -.5724678  -.3945067   .1407704
   .3949742  -.3685691  -.4172797
  -.0535641  -.9018271  -.5898747
  -.2390797   .0340929   .7582793
  -.4803517   .1394303  -.2974973
   .1414738  -.6697025   .7448230
   .7934496   .7410648   .4860251
   .0029247  -.8076427   .1564469
  -.8062627  -.8940179   .1654387
  -.2199748  -.8922389  -.5430851
  -.4507020   .4321482   .2017019
   .4365029  -.5737262  -.5862181
   .8911166  -.7028227   .3335631
   .7128439   .1673892  -.3608429
   .3880310   .8644269  -.2465804
  -.3112805  -.0901423   .5795364
   .2124944  -.5328302   .4615753
   .6412468  -.1343379  -.8565984
   .6353867  -.7890770  -.2649736
   .2791066  -.2316105  -.1000917
   .0756645  -.5503528  -.0442035
   .7996688  -.0236001  -.1945081
  -.7894926  -.8618047   .6153979
  -.6053584  -.1564870   .6903737
   .3814325  -.3864777   .6509585
   .2821333   .5309396  -.5702987
  -.6450036  -.7169940  -.7192469
   .7632368  -.6621420   .0792484
  -.0225682   .0401514   .6982124
   .0345795  -.9027331   .4040713
   .2769661  -.6290627   .8784337
   .0876517  -.0699456  -.3717186
   .7323358  -.1965821  -.9105268
   .0770292  -.0790629   .1148586
   .7513275   .8161433   .5716064
   .9647145   .4519644  -.2956610
  -.6394048  -.3814697   .3385959
   .9514325  -.3990963   .0612817
  -.3771527   .1602416   .2653024
   .3613999  -.2944646  -.4351718
   .1888075   .3330455  -.9765611
  -.6474304   .1368325   .4151824
   .2380126  -.2714577   .5605996
  -.6582985   .0398388  -.9058571
  -.7845943   .2394645  -.3534782
   .2037828   .9724939   .1636345
   .7041938   .7545693  -.4232085
  -.4995625   .9231253   .1049037
  -.1815963  -.8795009  -.8586729
  -.1743133   .2674055   .9534516
  -.4659884   .0024672  -.6985157
   .8018966  -.3805499   .9075060
  -.9088953  -.5042691   .5253148
  -.2025428  -.2918026   .2766716
  -.5913482  -.6494188  -.3944764
  -.3292365   .6767375   .6868632
   .3690376  -.1606085   .8329048
   .1501007  -.3314061  -.8059881
  -.5294707   .9239457   .9058669
   .7934747  -.8583302  -.2916946
   .8461165   .5919409  -.0064099
   .7129302   .7381291  -.7550011
  -.3739991  -.2472506   .7061260
   .0273523   .8281074  -.2653468
  -.2067547   .8725502   .4334743
  -.9175014  -.2451322   .9013522
  -.9884858   .7952597  -.7913270
  -.8689277   .0282013   .3190472
  -.1762555  -.7522373  -.4231439
   .8734877   .4596760  -.2171681
   .2753880   .3263013   .7701514
   .7519064  -.9910457  -.2783170
   .5165145   .5644982   .8075547
   .2561502   .8364134  -.0836754
  -.5759339   .5378015   .1745572
  -.9716573  -.7255266   .6374347
  -.2903817   .2637370  -.1220014
   .8595290   .1265998  -.3881857
  -.0474663   .6601169   .6912870
   .0470467   .7193940  -.6054604
   .8200352  -.8059025   .3832870
  -.4803677  -.9844542  -.7711749
   .6722918  -.1948986  -.1753216
   .9243228   .6234739  -.7688842
  -.3572454  -.4442205   .4214268
   .3641307  -.3309517   .9880581
  -.2312150   .3787806   .9786870
   .7894373  -.9251733   .4304869
   .7120700   .8109443  -.9152970
  -.4177568   .0285630  -.1053329
   .4301538  -.8150151   .8651860
   .1315575  -.4024222   .2672853
   .4391477   .9062510   .8604889
   .0497508  -.8420706  -.3188071
   .1473939   .0633576   .8997967
  -.2842014   .9875102  -.9327762
  -.3952646   .9517081   .8879054
   .0092056   .3449109   .2810860
   .1597712   .7127473  -.5545216
   .7845411  -.2492766   .4961679
   .8070610  -.7396767  -.8686044
  -.7686565  -.9758117  -.6956608
  -.8002293   .1242547  -.3193130
  -.1072004   .7695456   .2844558
   .0071449  -.6260061   .7435143
   .3998199   .2212882   .6206560
   .6958859   .5564866  -.0141251
  -.2924376  -.9463315  -.4276505
   .1642647   .8686247   .2745264
   .3972054   .9947898  -.2520418
  -.7115993   .1330407   .0145857
  -.9688551  -.6608758  -.2231882
   .6148605  -.0286491   .6610184
   .6424227   .3726969  -.0446434
   .5557787   .2532451  -.4086776
  -.4194610   .2742772  -.4294102
  -.4753637  -.9115744  -.8114760
   .9746540  -.3827584  -.1043575
   .2841423  -.3443255  -.9096920
   .3011341  -.3989687  -.7586710
   .3655679   .4278884   .0591543
   .0170460  -.8087618  -.5059741
   .9446590  -.0281630  -.4428039
  -.5098038  -.0748363   .3548589
   .8643737   .6572957   .9065986
  -.5826044  -.1315253  -.4226089
  -.2604849   .0393302  -.1443565
   .9051960   .1400471  -.8444321
   .8161840   .5728455   .3110697
   .4881241  -.7564564   .8809083
   .8558078  -.1590769   .3714049
  -.5703194   .8761137   .1769624
  -.5705895   .2311575  -.7950363
  -.5931625  -.3945868   .9512777
  -.0196984   .8499808  -.8874090
  -.1175187  -.1152227  -.8975296
   .4065218   .6176612   .0812418
  -.6511033   .7025316   .8136027
   .4148560   .4771323   .4279592
   .1071379  -.5907619  -.9628766
  -.1454256   .3956645  -.2007523
   .6670642   .3311646   .1935694
   .6584332  -.1772084  -.6956911
   .4300265  -.4403281   .1512508
  -.8723357  -.2693214   .3317430
   .5257525   .4642739   .0549843
   .4426680  -.2282400  -.3162951
  -.7649324  -.4037752   .7201109
  -.7989993   .1418052   .6001816
   .6961303   .6486840   .3288968
   .2059639  -.4731379  -.9024000
  -.2916853   .6177235  -.1043000
  -.5361130  -.2584167  -.6876755
   .2822285  -.9538696  -.2036591
   .5123348   .2287078   .1066818
  -.2161348   .3074665   .1977065
  -.9159894   .0860059  -.6041610
   .5561471   .3593302   .8233280
   .2309937  -.0045009   .2273977
  -.3786364  -.9023070   .6006136
  -.8575497   .9636006   .6944304
   .8744783   .4128304  -.8956342
  -.7644374  -.5866613  -.3216753
   .2312799   .6588283   .4552932
   .2239981   .6074691  -.7976494
   .5893111   .9377382   .9494748
   .7105191  -.6004398  -.5219781
  -.8195810   .7245455   .7818248
  -.5558755   .1367967   .5327916
   .9789302  -.4426672  -.7901757
  -.7770197   .1861899  -.1041644
   .1745613   .3961444   .5298581
  -.7097042  -.2963729   .0945699
   .1962574   .1392808  -.3692355
  -.6880021   .3880498   .5450215
  -.4458964   .1680138  -.7548673
   .2268317  -.6655314  -.7460318
  -.7377267   .6017847   .6484060
  -.6006913  -.7159448   .2249708
   .1647749   .5603333   .2162001
   .4182346   .4655530   .3108227
  -.0737095  -.7062244   .7824829
   .3482947   .0493507   .9777098
  -.9669399   .4242120  -.9214287
  -.8128836   .6732411   .2098713
  -.5906460   .7432821   .7970519
  -.4651146   .9501154  -.6750376
  -.0328245   .3450623   .5108895
   .1008878   .9905345   .3885262
  -.3075774   .3699152  -.9226267
  -.1321864   .3260679   .0822160
  -.8813739  -.8154435   .4221032
   .8924122   .3040278   .4344697
  -.4270411  -.0717061   .8094680
   .4708903  -.8638761  -.1223891
   .1109939  -.3048334  -.8582397
  -.1754072   .1314476  -.2923996
   .5034955   .2083435   .9499626
   .8442254   .5512888  -.9631615
  -.8566606   .4861970  -.5350630
  -.7437310   .4808266  -.6092663
   .4370220   .0064075   .3284905
   .4687037  -.8742452  -.7435598
   .4661272  -.3869088   .4520204
  -.0411983   .1347227   .4171414
   .9571857  -.9788766  -.8027098
  -.9896197   .0771461   .7380576
  -.5525041   .7941997   .1515372
  -.8590853  -.9602263  -.0347133
  -.0575101  -.7624092  -.6294899
  -.7845283   .9548776  -.7039909
   .6634417  -.6259446  -.2352610
  -.3610792   .7419157   .4410791
  -.2364185  -.9049110   .5363138
  -.0223818   .9964263  -.7700071
  -.5049562  -.3176181  -.4192886
   .8387551  -.2749372  -.9685953
   .2915614   .6799710   .7667606
   .3873012  -.3599224  -.3332219
   .4294679  -.3219094   .4772873
   .2854006   .2165890  -.5472639
  -.2942603   .6470666  -.0372164
   .4693382  -.4150882  -.0708494
   .6390312  -.6466208  -.9114928
  -.2993701  -.2117658  -.5587218
  -.5212126  -.6285722   .5648718
   .3350434  -.5025682   .9333391
   .7829180   .1833210   .7083337
  -.2734525   .8504899   .4502068
  -.2786608   .7830725  -.0642273
  -.2754369   .6291211  -.4772151
   .8147297  -.8619876   .9280946
  -.6702757   .3556547   .2472427
  -.8715351  -.9611692   .4900804
  -.4949195   .6850579  -.6091328
   .4119411   .8477464   .6434667
  -.7735353  -.9456356   .1137028
   .0211327   .9821339  -.5072293
   .1063545   .2766135   .5313103
   .4248183   .0390942  -.0428464
  -.0132289   .5978024  -.8444901
  -.1892068   .2096698  -.8969789
  -.7794402   .9337206   .0457013
  -.6373391  -.4069510   .4869697
   .2738295  -.9780011   .5388143
  -.3043661  -.8146751   .3699787
   .4669020   .6973531   .7187288
   .7742751   .5942948   .7057247
   .7320673  -.4106679  -.0742331
  -.1737785  -.1531930  -.8639455
  -.9388537  -.0754633   .1647580
  -.6282408   .5461547   .0977244
   .1142676  -.3987072  -.5975857
  -.2012472   .7910283   .2154851
  -.7434974  -.8289535   .3881862
  -.9429264  -.1320872  -.6127965
   .6994107   .5580504   .1285007
  -.4595308  -.2900958   .7110047
   .2215717   .6623633   .1479740
   .4216778  -.7393842  -.1855304
  -.3796897  -.5054564  -.0420055
  -.6143999   .0438471   .9663563
   .6720810   .3403180  -.1008976
  -.9008756  -.4694335   .7674398
   .9327366  -.7687149   .4047575
   .5273709  -.6173306   .6535325
  -.6736028   .1421943   .8071179
   .8601921  -.2937019   .0296867
  -.7980888  -.5746126  -.3899493
  -.9100468   .0370834   .9629164
   .3938408   .1243432  -.1648006
  -.0654163  -.7623668  -.2295790
  -.3343651  -.0751750   .1397862
  -.5665016   .0535095   .8700733
   .5455678   .5291951  -.8041160
   .9453497  -.3933837   .4445992
  -.1769428  -.1088448  -.7254958
  -.3759317   .2203617   .4877515
   .0313213  -.5466702   .6129880
   .2074149   .4783041   .5389719
  -.9438620  -.9171829   .2274339
   .7624986   .6748559  -.1615863
   .2873182  -.8521709   .0144129
  -.9774218   .7461717   .8218663
   .1017101   .6930273  -.3268924
   .8438573  -.4036148   .8448915
  -.8171549   .6165385  -.1618197
  -.7316148   .4556904   .1667347
   .1673572   .7931297   .2546172
   .7317674  -.7236702   .4455850
   .6342561  -.2801754  -.8981125
  -.9928613  -.9630547  -.0925913
  -.7277019   .6229930   .9865754
   .4744370   .0579660   .4502256
   .3558707  -.6506834  -.9979587
   .3501351   .1695695  -.7453058
   .1801381  -.7197151  -.7130458
   .1582084   .2239785   .5438497
   .2221627  -.9867141  -.7131875
  -.5126984   .9551816   .0369594
   .1673982   .1839848   .7666724
   .7753663   .7765443  -.4408653
  -.9586375  -.9444945   .2942803
   .1749210   .7911692  -.8140681
   .0946369  -.6915452  -.5028961
   .6626048   .5253866   .1881523
   .6878619   .3905292   .2277610
  -.2087610   .4081590  -.8429615
  -.8375607  -.9584732   .4246831
  -.7007132   .5990181   .8796890
  -.8996038  -.9783928   .2582054
  -.1146169   .5762234   .2869360
  -.6953638  -.3766065  -.7737064
   .8086674   .4463365  -.7008002
   .5137961  -.3486512  -.4165454
  -.9339275   .4014866  -.0480919
   .4242029   .3239803  -.3488219
   .2352619   .3233438   .5382307
  -.8201413  -.6843932  -.0843301
  -.7468102   .6680522   .1635101
   .6347535  -.3807640  -.9243281
   .7977114   .1107578  -.4202394
  -.1216147  -.3221316   .2056668
  -.2998724  -.3105366   .5092220
   .3967059   .0299699   .2215037
   .0507667   .2688725  -.4173684
  -.2507639  -.2361159   .9161537
   .0218372  -.2969015  -.2209785
  -.7260423  -.0253561  -.4919369
   .5694423   .7530720   .6585727
   .1440036  -.8430924   .4487984
   .7555256  -.5564291  -.3408585
   .0641620  -.5073087  -.5780103
   .2448871  -.5089355   .8041136
  -.9596543  -.3346727  -.3775866
   .1733110  -.0106997  -.9034653
  -.3698304   .4601693   .9157221
   .4070029  -.6791327  -.9124787
  -.8727396  -.4369535   .1637518
  -.9065411  -.0877378   .9256785
   .6173084   .1121297   .7721062
   .5492640  -.8909290  -.7210286
  -.7236927   .5265839   .5972705
  -.1672764  -.9257202   .1261933
  -.8104067  -.7699437   .9293337
   .6159327  -.3204744   .4572487
  -.8530805   .6720629   .6973329
   .0267277   .4875579   .8199201
   .7901683   .0193124  -.9145043
  -.0097861   .4094818   .1590259
   .2965691   .9791157   .4118783
  -.9983101   .7566748  -.8532329
   .2093387  -.6540701  -.9481387
  -.1492574   .7665639  -.9544916
  -.1444304  -.0231090  -.2274954
   .6015720  -.8249888  -.5055857
   .2905591   .2051823  -.8427176
  -.4506462   .2385387   .1341772
   .1912813  -.7902331  -.7373540
   .6843491   .1008792   .0001478
   .5994489   .6808746   .1313787
   .7677059  -.9793293  -.9278309
   .6850674   .7064736   .9600775
   .8255367  -.5055342  -.7540705
  -.9831140  -.3849151   .1206267
  -.6765227   .2871683  -.1742673
  -.1395907  -.4948943  -.3755798
  -.3337524   .1936531   .4365194
  -.0985909  -.8918700   .6479590
   .2701721  -.9536495  -.5063357
   .6813893   .5613544  -.8657560
   .0936975  -.0297778   .7557065
  -.3904583   .7823837   .1543570
  -.0852466  -.5279031  -.7848623
   .4064038  -.8806629   .2610955
  -.0105889   .6839778  -.1559336
   .6799517   .3420327  -.6403971
  -.4462874   .1549504   .5900886
  -.8971992   .1299160  -.1012845
   .9408123   .7740169   .3810670
   .8333499  -.9837193   .6871479
   .6279161   .5290661   .9867120
   .1086667  -.8863571  -.4976304
  -.2240176  -.3676336  -.0226586
   .5694227  -.4753611  -.1496482
  -.3103881  -.2994523   .3042696
  -.3326952  -.3320918  -.9393086
  -.0347736  -.9120085  -.1258678
  -.3912959   .7884324   .7585394
   .5093162  -.4595990   .7869725
  -.9565351   .8998883   .0286679
   .0416827  -.3103380   .4284530
  -.2165258   .4912148  -.2464468
   .8860059   .1311696  -.7757101
  -.7634320  -.1963108   .9534686
  -.0382760   .6700726  -.2761536
  -.9917946  -.1472797   .9826355
  -.6726322   .1271732  -.3835585
   .7975183   .8541467   .3727171
  -.6602521   .4262533   .0393600
   .7145000   .4179904  -.9397280
  -.4085710   .8391140  -.3793268
   .7823341   .6668663   .4725399
   .4408197  -.6021664   .1447763
   .7368257  -.2328749   .1889839
  -.8157012   .2613420  -.0228117
   .2941854  -.7843685  -.4566665
  -.7632089  -.4466376  -.8983896
  -.0066712  -.5409918   .5528078
   .8335888  -.1780195   .2341900
   .0359745   .4948769   .5365813
  -.3782270   .4062052   .6702683
  -.2934418  -.1021304   .2904825
   .4182801   .4121730   .4423702
   .6705508   .9586153  -.0054746
  -.0077221  -.2320392  -.6210496
  -.7829688   .9457264   .3712065
  -.2478104  -.5729563  -.0617907
  -.9075949  -.5273776  -.9549594
  -.9194243  -.9637430  -.4283762
  -.8033094   .3538384  -.7159281
   .0171764   .2013087  -.4162595
  -.5160389   .3332870   .5913355
   .8844936  -.1281085   .1713428
  -.9966888  -.8866398   .1002319
  -.3350434  -.1847224  -.4970479
  -.4799941   .6029670  -.7949820
  -.5168102  -.5366552   .5898073
  -.0445027  -.6169510   .9524045
   .6171582  -.1874890   .1015730
   .3254848   .5885382   .3345273
  -.6694846   .9044993  -.1591680
   .9004066  -.7441604   .4729443
  -.0398536   .7375703  -.9272692
   .7299938   .1333499   .9203477
  -.5305095   .8428543   .3789291
  -.9806075  -.0520210   .2884855
   .9354894  -.1576378  -.6533794
  -.9549878  -.8159699   .3562071
  -.5485263  -.9619074   .1577308
  -.6299603   .9521508  -.2183261
   .0458901   .8360319  -.1914275
  -.3535626   .7067456  -.6483824
   .8414712   .0832326  -.7338362
  -.1903319  -.7366753   .7614346
  -.4935372  -.0361180  -.2719193
   .2713814  -.5313027   .6420460
  -.8976972  -.6943140   .6613276
   .5275440   .1405191   .3031852
  -.1585603   .6652999  -.4957967
  -.9798150   .5174561   .3617284
   .5184608   .4690518  -.8208911
  -.7290249   .7977233  -.5447083
  -.0251968  -.1855564  -.5226789
   .7695448  -.5096614   .1618822
   .8497653   .4879684   .2077987
   .4126401  -.8839517  -.0554886
   .9878910  -.0850873   .9871514
  -.3033516  -.0735352  -.6375473
   .3230357   .8025293  -.1256649
  -.0296934   .0849626  -.7951722
  -.6629775  -.0366790   .2226846
   .9237895  -.2190821  -.1773770
   .1160448  -.2552881  -.4004776
  -.0088370   .6671319   .1431129
   .4367716  -.4730191   .4864326
   .6003907  -.0272758   .7343962
   .4162683   .6345594  -.8979681
   .7752223  -.2525592   .6471834
   .1132901   .6548786   .0677860
   .5148592  -.7237737   .8104279
  -.2433214   .7549655   .5566809
  -.2607684   .5303769  -.7873347
  -.0373564   .9025090  -.6473701
   .9601803   .2947674  -.0397911
  -.6439714  -.3075020   .6002707
  -.0984995   .1267364  -.9975760
  -.4601531   .7875714   .1255403
   .3287187  -.5501924   .5553529
  -.6565671   .9413469   .7027495
   .7595816  -.2765577  -.5748522
  -.2718992   .1355181   .4385600
   .8206806  -.6561534   .5147135
  -.1704421   .6844778   .0572278
   .4683018  -.3973744   .9068069
   .2178173  -.5185559  -.7289987
  -.1769996   .2209268  -.3028753
  -.3015821  -.9237981   .6281059
  -.6104047   .6752956   .1505919
   .7361684   .1953866   .5020733
   .8418143   .1778667   .7398996
  -.6755834  -.1728370  -.2615075
   .4209301   .4529173   .2302527
   .2501440   .8341432   .8949182
  -.2314551  -.2817106  -.6596296
  -.9721026  -.8346252  -.9132335
   .4657977   .8436866  -.2932575
  -.9713914   .6258953  -.5042875
   .5800500   .5096641   .5939074
  -.2021503   .9960163  -.9377019
   .6258864  -.6145859  -.5056570
   .8600938  -.5219841  -.1134152
   .6273699   .6910720  -.9539101
  -.8942478  -.3713255   .8909042
   .7410395  -.8775535   .6853192
  -.8298688  -.8263030   .5722685
   .9471951  -.0366917   .8191879
  -.7626162  -.4147692  -.6826537
  -.7212591  -.3698001  -.1869743
  -.2237575   .3070960   .0952506
  -.8075535   .3342481  -.4160058
  -.5479338   .9444227   .2359278
   .0549986   .7472229   .0901208
  -.9260819  -.5498536   .7338083
   .0731430   .1301875   .2805028
  -.4429438   .8365154   .5192008
   .7612817   .3308582  -.8541517
  -.2151916   .8741262   .7335470
  -.6268895   .8836627   .0517793
  -.8402746  -.3210132   .5293691
   .4709997  -.7111940  -.5986004
   .6004112   .6485834   .0575061
   .6451163   .4260058  -.8859391
  -.2225950   .4967949   .6756654
  -.6570637   .4485838   .4729419
   .5202494   .1829665  -.4019952
   .0635405  -.5785708   .9806736
   .8364189  -.0376999   .9636681
  -.5204840   .9625392   .3140583
  -.9546959   .0763748   .5257294
  -.4821501   .6866221   .5962229
  -.4030697  -.4856908   .0618165
  -.8984950  -.7158101  -.6787100
  -.7244945  -.1757438  -.9861548
  -.0725331   .2510600   .7402828
  -.9471657  -.2592180   .1542389
   .6429377   .4345860  -.1972008
   .2792242   .3743453   .8189974
   .4001062  -.6456773  -.6859636
   .0156543  -.7260735  -.9539821
   .5244384  -.8076997   .2997303
  -.9160533   .6448245   .4517097
   .7280874  -.1611276  -.4437509
  -.9021237  -.2093251   .6955831
   .1739984   .0357602  -.7913737
  -.8075600  -.7386966   .4985998
  -.2360725   .2425907  -.4985478
  -.9913323   .4474483  -.8425276
  -.5954442   .4171433  -.3230808
   .7227528  -.6928089  -.9585402
  -.9431379  -.0553250   .8706861
  -.1073678  -.2106669   .7519493
   .3754184   .7195003  -.7171993
  -.1449771   .8781292   .8715303
   .7745702   .5968900  -.8100150
   .0209351  -.0633650  -.9052637
   .1706944   .6127639   .9894331
  -.9129357  -.8351760  -.8385689
   .5603530  -.2298179   .1112392
   .0785294   .1201193   .9292638
  -.1051600   .2870750   .9149435
   .7696917  -.7331059  -.4332199
   .1189046   .0097692  -.6867218
   .1212137  -.6244373  -.6928256
   .3160095  -.3512065  -.1892707
  -.0241013   .8625133  -.3842371
   .7107518   .6232836  -.2841923
   .8709080  -.0590973   .4994211
   .0937800   .8099918  -.4762452
   .6619008   .8601894   .6156259
  -.2100260   .0433817   .6060658
  -.1902483  -.2929871   .5405099
  -.1651993  -.0219607   .7957034
   .6700375  -.5254819  -.0246229
  -.1768405  -.7022319   .4943590
  -.6869667  -.7651434   .0307655
  -.8658788  -.1427166  -.2986329
   .0103316  -.7320893   .2533529
   .8158417   .2822742  -.2460527
  -.1210330  -.4143875  -.0582078
  -.0339286   .7778575  -.3917134
  -.3849020   .8103805   .2235169
  -.7632060  -.2348640  -.9913032
  -.0953627  -.9360108   .0157311
  -.6031168  -.6389580  -.5889661
  -.2409227  -.0890296  -.5520201
  -.4048495  -.1342373  -.9699390
  -.0256233  -.2692649   .9912210
  -.2462835   .0612316  -.4014401
   .8734097  -.9297864  -.6433251
   .8802235   .2519436  -.1396813
  -.2295194  -.2651086   .8418512
  -.8744438  -.2731948  -.1427197
   .4929359  -.1511393   .9963388
  -.3028319   .8008661   .5529659
   .4164696   .2127669  -.9402497
   .9389191   .5725770   .5533502
  -.2641332   .4332078   .5956695
  -.1286318   .8124406   .1153564
   .7694204  -.8744447   .5170372
  -.1724339   .5488305   .1318552
   .9892466   .3725326   .3812006
  -.3765020  -.9517593  -.6817474
   .9933023   .4036667  -.1581728
  -.3100412   .7556767  -.9679930
  -.5226085  -.8323617   .1286430
   .4454992  -.8597269   .5947893
   .5955431  -.4498565   .2077072
  -.8157718  -.9097729  -.9992499
  -.1335826   .4788687  -.4174790
   .7148488  -.2643449  -.1635659
   .9809573  -.7410674  -.7124636
   .7940469  -.1075373  -.6271651
  -.0743957   .9169791   .6153648
   .5656815   .3157177  -.3630211
  -.9670701   .0274687  -.8283401
  -.5363269  -.1027007  -.2401702
  -.2040398  -.3702750   .5795486
  -.1827185  -.6648924  -.9896352
   .3349316   .6453514  -.7249913
   .5845628  -.5571456   .1027274
  -.3286009   .6543572   .0247102
   .9430108   .1903532  -.2317362
  -.5319355  -.2758851  -.5610023
   .0010979   .0014589   .2307270
   .0615520   .5834472  -.2763355
   .9948349  -.6568236   .2202318
  -.1829977  -.1202521   .5478690
  -.7309513  -.9429843   .5455689
   .7060411  -.7070794   .7441893
   .7080033   .3841820  -.2396090
   .7754478  -.3502147  -.8282659
   .7858088   .2730963   .5027554
   .1949465   .7677541  -.9950354
   .7666090  -.2747734   .8281221
   .1617844   .9594867  -.8834043
   .3881683   .2824309  -.7705295
   .1857955   .9798613   .8367407
   .4659722  -.6190217   .0730746
  -.1102428  -.3043244  -.1592050
   .5954421  -.6568792  -.2310793
  -.6223168   .2716126   .7213740
   .8949339  -.0446107  -.0683999
   .4618073  -.3389902   .3206608
  -.6688404  -.8490937  -.3143446
  -.1080720   .5222588   .6155171
   .1450891  -.9224930   .0240049
   .4225397   .0732245  -.6729512
  -.8241298   .7309296   .0707085
  -.2201359   .9879563   .0016384
   .4372530   .9198730  -.1968961
  -.2776709  -.3179047  -.6167455
  -.0186293   .7070906   .5782399
   .6258509  -.4704978   .5377507
  -.7896714  -.3585236  -.1562855
  -.0494843  -.4233911  -.2889585
  -.8343616  -.6501052  -.4474347
  -.5564201   .4620259  -.9309485
   .6802490   .0109780   .5807929
  -.5282593   .0294266  -.9736931
   .7531240   .2651043   .3032923
  -.5040913   .6071830   .4794369
   .1901431   .3603036  -.2676072
   .7728586   .7920048   .4353373
  -.0665324   .1887710  -.8000093
   .2444131   .2771826  -.9719427
  -.5588336  -.5223897  -.2997227
   .7723885  -.8088508  -.4091949
   .8304849  -.4245167  -.9315615
   .2642806   .4578996  -.2121711
  -.7883470   .9117975   .6759903
  -.5932992   .1156919  -.2030966
   .5457766   .3365622   .0100124
  -.9952250  -.8941424  -.6287613
   .7864020   .2214768  -.7954762
  -.6565859   .3335941  -.6351216
   .6727173  -.9929123   .7787247
   .1633625   .9527051  -.6790624
   .3104432  -.1591413   .7703414
  -.3141313  -.9435725  -.7199111
  -.7494287   .5970035   .7740691
   .3413234  -.9024329  -.0849192
   .1716154   .6873097   .7015853
  -.0160537  -.9801438  -.1053333
  -.5289967  -.4002979   .0303361
  -.8427563   .1593626  -.1328778
   .3794653  -.4023559   .3940222
  -.9525807   .2335362  -.8714812
  -.1364512   .8381608   .0492725
  -.4778576  -.7004881   .9474611
   .0492702  -.0205503  -.7934310
  -.4422431  -.1826241  -.3497574
   .9011130  -.6760838   .0798280
   .2807562   .6235113   .9582722
   .1631725   .2454314   .1392827
  -.9609165  -.4738688  -.9507668
  -.5742633  -.7290890  -.1113787
   .5932291  -.3719678  -.3207445
  -.0510759   .2898653  -.1029990
   .1851852   .8836021  -.1861353
  -.2420065   .8920968   .9733312
   .0120978   .9523456   .5791755
  -.3357522   .5841713  -.4220369
   .4251721   .3475957   .8375530
  -.1452255  -.0386810   .6448298
   .0386131  -.6658838  -.0232403
   .0679009   .4225237   .0299587
  -.5054011   .9919548   .6838830
  -.5026922   .3797147  -.6973379
  -.2958093  -.4911749   .7098138
  -.6110322   .2910130  -.3482380
  -.7998447  -.3760102  -.6165843
  -.1988759  -.6708314   .6971743
  -.9055567   .6804829  -.0570083
   .2126367  -.2957976   .7692933
   .9431531   .8703249   .3268278
  -.5949945  -.5269005   .9097145
  -.2648962  -.4871657   .1991539
  -.8957012  -.2771950   .6686718
  -.3657689  -.1810944  -.3013687
   .0045438  -.6564679  -.3888288
   .4836874   .6281273   .8967068
  -.6827784   .5483520   .6476202
  -.6465156  -.3350515  -.1557856
   .8786230   .8600531   .9639554
  -.1334217   .5333095  -.7635896
  -.8797781  -.9799750  -.2842247
   .5953932  -.0770950  -.3567414
  -.9020753  -.0869925  -.5314643
   .2701228   .1605358  -.2741761
   .1742802  -.4525256  -.6915650
   .5317485  -.8272958   .1521623
  -.8023050   .8963099   .8302557
  -.6655419  -.6878691   .1031969
  -.5446088  -.6502733   .3329391
   .1738000  -.7257714  -.1412811
   .5201509  -.6063838  -.2163737
   .9791636   .8307705   .3895121
   .5291741  -.3384113  -.7954519
   .0340691   .5402567   .2492933
   .1035302  -.0620708   .2852569
   .0223038   .6801119  -.9520640
  -.1117902   .5441649   .9758010
   .1364238  -.7097290   .3585293
  -.1536207   .1586251   .6769874
   .3971906   .1678779  -.8693268
  -.8997488   .1173573   .4842992
  -.2702801  -.4928269  -.0772479
  -.4494617  -.4314914   .0260494
  -.8100767  -.6804316  -.5760598
  -.0599215   .1654267  -.9267547
  -.2876766   .6053176  -.1782167
  -.2416747   .2680576   .8575041
   .6604590  -.2283776   .0444615
  -.7973692  -.2895005  -.0100462
  -.0631835   .2108803   .0461173
   .1579480   .2695832  -.4480901
  -.1096931  -.0963333  -.2077253
  -.1947739   .0717351   .3868806
   .8624189   .9733117  -.5037804
  -.9673495   .6704004   .2057498
  -.2710676   .7002554   .7371008
   .4612105   .3584430  -.8178015
   .0124516  -.1162095  -.5031917
  -.2208409   .4255724   .6485329
  -.3711045  -.7696426   .6679406
   .7553356  -.6973622  -.1085033
   .7773776  -.9742503  -.2005575
  -.4833338  -.5758328   .7566438
  -.6489439  -.2445631   .9301739
   .6815255   .5639596  -.2489836
  -.3045771  -.4499156   .4757946
  -.5384099   .9455252   .7772806
  -.5248437  -.9286435  -.7564106
  -.3937976   .2973771   .5528834
  -.4604533   .0034347  -.4758756
  -.5937903  -.0427668   .2372456
  -.4924998   .9415929  -.2787719
   .4589376   .8364639   .1721225
  -.3018422  -.2483716   .5309484
  -.0693300  -.0340889   .6358252
  -.0989149  -.8130059  -.9997387
   .3273799  -.9586046  -.5654933
   .1564250  -.9350562   .1696103
  -.5338581  -.7119744  -.6556289
   .2449222   .3751569   .1850533
  -.5929987   .3552146  -.3674681
  -.0157950  -.7565792   .3207872
  -.2939916   .2048206   .1465657
  -.2213452   .1672778  -.6186509
   .3779757  -.3852396  -.7465570
   .1177135  -.1218598   .3506808
   .3853512  -.8758569   .1121092
  -.4769471   .5145142  -.6831038
  -.0544982   .5674095  -.1249483
  -.4607606  -.3753679  -.5529978
  -.4823368   .5896814   .1430392
   .5831993   .4685292  -.2297332
   .2939472   .6614795  -.7983534
   .6524796   .2896595   .4885819
  -.6532428  -.8492818  -.0423441
  -.1112344   .6641216  -.8017964
  -.7447648  -.9405766   .9671454
   .2674484  -.4046361  -.5576041
  -.3499191  -.5747876   .4797759
  -.4677885   .2769172  -.3363864
   .4517193   .4171464  -.0874991
  -.3782413   .8452847   .1403060
  -.7996333  -.0784867   .2357419
   .8504183  -.1706653   .0142572
   .9074447  -.9644513   .9468098
   .8231950   .8060246  -.2078214
   .0814295   .9974537   .7244987
  -.4204369  -.2701671  -.0923131
   .5562840   .2609699  -.7914693
   .7054107  -.6001933  -.3163211
   .3114262  -.7889376  -.9510922
  -.9264910  -.7129955  -.7905130
  -.6960709   .9768181  -.2311864
   .9160860  -.5308638   .8101211
   .2933552   .3270471   .8716407
  -.1779187   .5418708   .3302994
   .0155437  -.9521811  -.3627968
  -.4092529  -.0892401   .3294168
   .8564296   .4889731  -.6490269
  -.7954769   .3440759  -.9821420
  -.4700475  -.8463941  -.5018902
   .0925550  -.4144976   .7407591
  -.0923333   .9652920  -.3747394
   .5220809   .9168639  -.8393841
  -.9983315   .6979024  -.6332920
  -.8424671   .3059418  -.8266838
  -.7578154   .5056567  -.3523619
   .9213865   .0805595  -.7138574
   .8416882  -.4022419   .3823066
  -.3490980  -.1044042  -.9393535
  -.3686607  -.3216228  -.5546298
  -.6154437   .9664521   .0843749
  -.9052534  -.0525036  -.9452293
   .2328064  -.0522559  -.7623982
   .5042753  -.9641869   .7199364
  -.6705048   .7363765  -.6702108
   .6238024   .8377552   .1440699
  -.7841129  -.9121246   .7553973
  -.3670850  -.8616343   .0218983
  -.3510923  -.4363263   .0933988
  -.2138906   .4426455   .0942395
   .7871289  -.1484537   .0452044
   .8653746   .8940561   .5717287
  -.6805725   .3899047  -.4981360
   .4041383   .6937573   .1025419
  -.2627661   .2897704  -.9311013
   .6810029   .1164310  -.5788991
  -.0636277  -.9143920  -.9390681
   .8701637  -.1862886  -.5184164
   .9324338   .7341490   .6049700
   .1043906  -.4867406   .2522044
  -.5625565  -.4765718  -.9280252
  -.2404280  -.4167855   .2180014
   .4094522  -.9546118  -.0871952
  -.6519105  -.7089863  -.1385102
   .3150907   .0823007   .7489617
  -.7353349   .3777094  -.9507511
   .6748142   .6939933   .7294590
  -.0237157  -.1001699   .5339377
  -.1080103  -.6769297  -.0537691
  -.1507518   .6750174  -.0640943
  -.5191338   .8038554  -.4570394
  -.5620410  -.0624361   .4852006
  -.6690350   .1594095   .7306111
   .7297547   .4636765  -.1149547
   .3431230  -.6134713   .0119219
   .5191808  -.0729144  -.5432417
   .3950436  -.5801406   .7764642
   .5965474   .2823334  -.8416092
  -.6287768  -.6238925  -.4631085
   .9132822  -.9672534   .6672668
   .2788510  -.8825660  -.6417310
  -.8119774  -.3623650   .7915847
   .7390642   .1203296   .4908183
  -.7080224   .8011498  -.6350768
   .3176622  -.3524864  -.4563351
   .0228190   .5079985  -.0433648
  -.1421421   .2091560   .7498031
  -.1253641   .3838933  -.9067714
   .0732634  -.7019007   .9376333
   .2112660   .8043971  -.5580590
   .9144218  -.0477226   .5558660
   .0884597   .3667784  -.9410634
   .9197001   .4309394   .8628044
   .8560865  -.4845734  -.2734916
   .0915751  -.8133767   .1451337
   .2426436  -.3748181   .9993496
   .7696583   .0010781   .4586227
  -.9225504   .4688983   .9048562
   .7411792  -.2753630  -.0514493
   .1758323   .3205795   .2395070
  -.1153290  -.5782266  -.5159683
   .1317906   .6147950   .6852160
   .4863253  -.0228364  -.5855002
   .9168568  -.3521850  -.2058001
   .1781368   .8762097  -.8533573
   .9734340   .6179042   .6758170
  -.9446135   .8796601   .2366138
  -.7669549   .3160477   .6214945
   .9000154   .0535805   .3044093
   .9836910   .8386183   .8330011
  -.7796152  -.2157581   .4999468
   .0245845   .3732209  -.8201828
  -.9197493   .2617450   .5883305
   .1963637  -.7867548   .4735441
  -.0761237  -.6078367   .0899024
  -.4582160   .8780050  -.7137673
  -.5474885   .4444768  -.6926758
  -.0104089   .0364459  -.6627338
   .9243820   .9285662  -.6693552
  -.7667737   .5689905  -.8691695
  -.5953758  -.1040270   .7408020
   .6333320  -.7111552  -.3780568
  -.9083920   .9020622   .1869447
  -.5057125  -.8418155   .4618192
  -.4720705  -.0729632  -.5145385
   .1842511   .1676130   .0640008
  -.3081563  -.4161074  -.5674193
  -.0403538  -.0529926  -.2443192
   .7905457  -.0532653  -.0603416
  -.0904934   .6287088  -.1511042
  -.6022182   .4347203   .8977096
   .5634463  -.3147788   .5977213
  -.1927407   .7632661  -.8173230
  -.1324117   .6199071  -.6684144
   .6436362   .7708890  -.3379474
  -.8248653   .6770937   .2969427
   .0159354  -.5625069  -.6943436
   .2605321  -.4132600  -.9201865
   .7542534   .5428605  -.2075560
   .6288548   .6366901  -.2701588
   .2185686  -.2191334   .4476762
  -.7037928   .5576773  -.7952111
  -.8694289  -.5147104  -.5177867
  -.2387664   .7524953  -.9977162
   .7829988  -.4988809  -.4680552
   .2486346   .1101251  -.9440107
  -.0719109  -.2302434  -.8107173
  -.6572814  -.2886472   .1332023
   .0603843   .6116383  -.6994922
  -.1876090  -.5828152   .3740544
  -.7323978   .2233980   .3965802
   .3926609   .5724156   .8635333
  -.6862223   .7698951  -.0122256
  -.3794262  -.1652200  -.1670213
   .1571083  -.7304003   .5426009
  -.4890597  -.1073930  -.1864171
   .9981854   .7449667   .9163489
   .6607418   .0237346  -.7163696
  -.3157532  -.0355725  -.0017450
   .7178276  -.9305716   .5068188
   .2018380   .5781090  -.1373649
  -.7058213   .8127811  -.3528492
   .1731589   .7293339  -.4302967
   .3272896  -.3022120  -.8539231
  -.6707175  -.2927537   .4297276
   .0343797  -.1784222  -.4478905
   .3759770  -.6697121  -.2734506
  -.3484755   .3233063   .3356445
  -.4736135   .4059322  -.0960088
   .3407714  -.5279498  -.1253979
  -.3503599   .4048758   .1507158
  -.9695132  -.3873200   .8938065
  -.5703912   .3936179  -.1703629
   .5912738   .4902291   .7185285
  -.9895871   .4533617   .3997521
  -.8331785   .0704980  -.1643901
  -.0510833   .1123235  -.0090384
  -.9048452   .4691448  -.0315874
   .5986474  -.0037141   .1909366
  -.0354555   .1960518  -.4578955
  -.0788579  -.3087523   .5754514
   .3550832   .6172550   .4786658
  -.7199824   .7644722   .9071331
   .7001464  -.9953084  -.8242536
   .5320613  -.4550800  -.0236940
   .1635499  -.8554296   .7019022
  -.8116140  -.8942881  -.2497985
  -.1164732  -.2386053   .1754861
  -.5596786  -.2103763   .5235376
  -.4931092  -.4904566   .7276831
  -.6955884   .5920856  -.8632498
   .4860334  -.3560352  -.9604449
  -.5565970   .1860614   .8883581
   .6232543  -.2101784  -.2737286
  -.4120939   .8777316   .3872271
  -.1033790   .2390027  -.4769349
  -.7975788  -.9732449   .4965241
  -.4513953  -.3567948  -.0946212
  -.9297810   .5189083  -.6534841
   .0740001  -.9535682   .6668222
  -.9434400  -.9314070  -.1528752
  -.7378542   .7529736   .4657447
   .0157034   .3728411  -.6619682
  -.1504512  -.2056806  -.9236500
   .6863716   .3028567   .7562499
   .6948419  -.0900304   .9799912
   .1563451  -.8143933  -.1595042
   .2724876   .0223744  -.6676099
   .9809942   .0917718  -.8643944
   .2791321   .9889951  -.4164305
   .2505286   .3985243  -.8718190
  -.2345247   .8429837  -.0477240
  -.4194472   .1302149  -.5519490
  -.5388052   .8773010  -.3168621
  -.5883517  -.8272803   .4297941
   .0164740   .8233397  -.7502785
   .9887779  -.1892734  -.2055054
  -.6189504   .3593683  -.0077188
   .3024886  -.0023806   .8596287
   .3187103  -.9377081   .3840203
  -.5709629   .6335678   .5179939
   .5076330  -.3396842  -.2493367
  -.7059801  -.2146933   .7743294
  -.1748831  -.9078615   .6016407
   .0217323  -.5808990  -.1831708
  -.0160389  -.1517615  -.3795109
  -.3514261  -.0912199   .0606201
   .7806144   .9645646   .6448255
   .5691259   .2470920   .6586249
  -.7365053   .7465479  -.9431872
   .5942981   .6854405  -.6184030
   .0590661  -.3282447  -.4763093
   .3005071   .4814789   .6315966
   .4235053   .3160405   .7607706
   .7855484   .2574890  -.3291225
   .7921915  -.9852891   .8573468
  -.1086783  -.2599771   .5260289
  -.6936660  -.4344628  -.2631032
  -.0870852   .4936893  -.8277571
  -.5517995  -.3763878   .6702735
   .0277138   .2491100  -.4861343
   .5658629  -.6567254   .8174512
   .9756434  -.7670083   .6733692
   .8783617   .5659597   .2071903
   .5411263   .7165060  -.9417398
   .0673757  -.3585021  -.1903143
   .3552508  -.0994854   .1366303
   .4384494  -.6166482  -.2931058
   .1746147   .7387211  -.3547451
  -.8557255  -.8772416   .4605644
  -.3553579   .4962420  -.4220283
   .7231021   .7559950  -.8452103
   .1235316  -.5562868   .4678164
   .4134324   .4158833   .7793403
   .9199035  -.1363420  -.5651834
   .1970916   .7805927  -.0683677
   .5152001  -.7046635  -.9783928
  -.4782181  -.9229834   .4202414
  -.0294194  -.7822433   .8082030
   .0019464  -.4688106   .5032272
   .1279263   .7236528  -.2487850
  -.5919378   .1602025  -.9635682
   .0889063   .0467026   .7989712
   .8730648  -.7210627   .5545900
  -.0479183   .1918709   .8996828
   .1166320   .9846365  -.6070609
   .1523294  -.0235555  -.2126029
   .7370117  -.1487100  -.6698256
  -.8056836  -.9437175   .0371816
   .7812548  -.8557029   .1778531
   .6795218   .7320476  -.6665506
  -.4683867  -.8839886   .6132193
   .4278455   .3482690  -.0431755
  -.8429718   .0582263   .9364662
   .5597758  -.9566264  -.3827832
   .3543255  -.5440331  -.0357907
  -.6831117  -.7873704   .7551987
  -.0035307   .0374832  -.4547820
   .2168293  -.9662647   .1100173
   .4399273   .1312685   .4106236
  -.2872150   .8200130   .9919977
  -.6819644   .3609791   .9216359
  -.9637215   .2370129   .4112282
   .9235246   .3349657   .3689115
   .7216775  -.4972827  -.1763248
   .8501270  -.8916061   .4846108
  -.0157702   .1994236   .2297664
   .9110203   .7989824   .7346337
  -.9384129   .1176169   .9332931
   .3329513  -.1304202   .2266097
  -.8186321  -.4669001  -.0044651
  -.2562311  -.6801443   .0314171
   .2594185   .6543295  -.9629540
  -.3860426   .9426088   .5201542
   .9456880  -.9562163   .8749619
  -.0159528  -.1024463   .6480646
  -.9670901   .5043857  -.1516376
  -.1235814  -.8772516  -.3302023
   .0787492   .9526632   .4687338
  -.8104401  -.6017056  -.6227012
  -.2991898   .3423648   .1320739
  -.8888328  -.5813594  -.8861704
   .3433065   .1097114   .1043892
   .0132618   .3551090   .8157456
   .2482846  -.1471343   .7189102
  -.3348920  -.3858693  -.3742299
   .9178963  -.0799634  -.6997013
   .3438289   .3105259  -.3185647
  -.2959328   .1817365  -.0864077
   .1442277  -.9872653   .7745001
  -.4927592  -.0901818   .8565364
  -.9128170   .2021143  -.1467371
   .6771216  -.7435596  -.3231261
  -.0852365   .6830368  -.2030838
   .7047520   .1665699   .4248185
   .9813180   .2628479  -.3972476
   .0277715  -.3277025   .5140026
  -.4719741  -.9514859  -.3978615
  -.5029633  -.6957343  -.1513510
  -.1554248   .1549997   .2207232
  -.9473133   .3513286  -.1239748
  -.3304594  -.8057964   .2836919
   .2309928  -.3452806  -.7690482
  -.9320574   .3873420   .3766637
   .9854324  -.4422979  -.9924273
   .3806548  -.1136417   .5344512
  -.7338262   .3618810  -.3936644
  -.3907545  -.3051279  -.4080148
  -.5969627   .6907840   .4193406
  -.1301279   .4976704   .0144243
  -.0153022  -.6933455   .9144895
  -.6512747  -.9435220   .4932826
  -.7539382  -.5635376   .5866482
  -.9846072   .8859291  -.9865193
   .8653917   .2474074  -.5387280
  -.7683797  -.3546014  -.8236797
  -.9746065  -.8402700  -.1690202
   .2814345   .5059805  -.6997604
   .0945146   .6839366  -.8978491
   .6025374  -.3142314  -.5492628
  -.6361291  -.4905431   .5099599
   .3476098   .3157864   .1244853
  -.1715658  -.3571789  -.9580545
  -.2210681   .2906253   .0098033
  -.2639012  -.0114918   .5710592
  -.8079045  -.6533873  -.3639646
   .6218677   .0961328   .5086572
   .3957639   .5064275  -.7853787
  -.1923254   .8326652  -.9915607
  -.1841044   .9334199   .1744890
   .2736225  -.2882640  -.4083576
  -.5124261   .2020493   .5813768
   .7811658   .9778073   .9941003
   .0643680  -.6555505  -.9837797
   .8803251  -.9038491  -.4375637
   .9670019   .2680674   .1416488
   .8338852  -.1121316  -.9960809
  -.6692619   .8288033   .9072905
   .4710839  -.7398052  -.0529859
  -.4940417  -.4995141   .5162957
  -.0582986  -.3192503   .2900181
   .9956306  -.8235607  -.6848481
  -.5811427   .9864492  -.9554074
   .2107954  -.2982047   .3195870
   .7686043   .3124623   .4321158
   .5986457   .6768329   .4736929
   .6308842  -.8162174  -.4334922
  -.7141283   .9346697   .2017915
   .7960935  -.0760670   .4708307
  -.7475324   .6209199  -.9407949
  -.0498381  -.7508504   .0256140
  -.1196749   .1800117  -.2625480
   .0883331   .0178220   .6239464
   .9637396   .9883854  -.7134054
   .9503324  -.8411162  -.8188558
  -.5316048  -.0257552   .1122191
   .9614100   .8289580   .1090469
  -.0907071   .8214002   .5147600
  -.8909106   .6530881   .1741998
  -.6647041  -.6157110  -.5499971
  -.8375487   .5387967   .2721062
   .2594740  -.1432915   .4748840
   .3939962   .7343502  -.3830645
   .0767581  -.5458279   .8556292
   .2601974   .3458726   .9801922
   .7913804   .5572877  -.4419718
  -.7123351  -.1443527   .0373061
   .6873424  -.2770264  -.3051987
   .8213837   .3362372   .8166683
   .7177510   .8361838  -.0563745
   .0154004  -.2253788  -.8036249
  -.5466537  -.6962714   .1719489
  -.3568602  -.8693428  -.0675802
   .7735956   .5986171  -.1421366
  -.0857446   .3040924  -.8856966
  -.0955949  -.9922178   .5056891
   .1216509   .3951843   .0877600
   .2659481   .8583598  -.5532267
  -.7384334   .2059338  -.5595205
   .0535452  -.3161762  -.6946051
  -.0938578  -.3076558   .6493261
   .0120075   .7714889   .6156225
   .2593749   .9788427   .3291807
   .7955666   .9928865  -.7204554
   .2488458  -.4107223   .5465517
  -.2153585  -.1647389   .4894414
   .5206587   .3837206  -.5411594
   .3856211  -.4303696   .9232106
  -.5514128   .9926057  -.4025254
  -.1010189  -.7550230   .3354936
  -.7329934  -.2897601   .4788074
   .3857324   .4132662  -.9383779
   .5363631   .1766181   .0526180
   .5698147   .3006310  -.5243363
  -.8757429   .9351785   .2564337
  -.1817229   .7270582   .4368229
  -.7279832   .3541472   .4153864
  -.8697565   .9042137  -.7908146
   .6208012  -.2931404  -.8101821
  -.1748827   .7640388   .5264497
  -.5590355   .0287235   .2659941
   .3244231   .1270692   .9637442
  -.7271090   .2478173  -.2264128
   .2031553   .0862277  -.5719848
   .3432174   .8033481   .7763810
  -.4334915   .9129918   .1619027
   .9092233  -.8558903   .0040734
   .4789195   .1575031  -.0713699
  -.7051673  -.0727684   .8381956
  -.4103096   .0318704  -.1844687
  -.1317489   .5598135  -.6207333
  -.6290538  -.0185297  -.3874083
  -.4322076   .5162230   .1329069
  -.2162142  -.4509168  -.5783377
   .3837874   .1091969   .2065423
   .8664751  -.2657533  -.5524619
   .9568379  -.3002486   .5593152
  -.1737037  -.4206629   .0635409
  -.6393664  -.9419501  -.8633425
  -.1246350  -.4363396  -.5169101
  -.9957230   .2629509  -.7967732
   .4074471   .1968958   .3463686
  -.3986034  -.7247279   .7394531
   .6276240  -.6913939   .7076168
   .2720010  -.1349480  -.5727804
  -.1648142   .6802907  -.1471171
  -.4657588  -.9779518   .0431390
   .2221658  -.6835525   .3395250
   .0739501  -.4721780  -.1356635
  -.8385499   .0510886  -.6111577
   .0662153  -.4678211   .0723476
   .5003912  -.0799365   .4504411
   .3210089  -.0256288  -.8676286
  -.1558547  -.1241961   .2253780
   .0202427  -.8712602  -.6733162
  -.3766079  -.1289854   .7803278
  -.8372743  -.0500252  -.1849687
   .9979489   .8738890  -.8115141
   .1933062   .9482400  -.2261846
   .8043785   .5278285   .4612637
  -.5454893   .0883665  -.9152472
   .8824329   .5474031  -.2434180
  -.7752831   .4628422  -.1374602
  -.5369725   .7266986  -.1537285
  -.0805264  -.1402609  -.9597118
  -.8176582   .5738451  -.7367847
   .1798708  -.0156157  -.0368609
   .6619110  -.5493753   .0538733
  -.4005229   .5669441   .4311028
  -.3082862  -.0789812  -.0827985
  -.2096386  -.0166266  -.7614741
  -.5264430   .4345000   .2354865
  -.8044441   .4224002   .8793850
   .2174573   .7263672   .2262940
  -.4453132  -.5060008   .9838476
   .0271637   .9686277  -.7110395
   .9019921   .6149406  -.0675311
   .8279641   .9760113  -.8737564
   .7564013   .2560863  -.9967997
  -.3905358   .7813277   .3632419
  -.5822251  -.6994009   .3779171
  -.5783668  -.3176115   .3306081
  -.0154300   .3700998  -.0759223
   .1812596  -.3385923   .6572804
   .9696116   .4403872  -.6955693
  -.3059402  -.6957309  -.8999441
   .6438339   .6073945  -.9737809
   .5580730   .9676859  -.2689791
   .3881721   .3400023  -.6057320
  -.0930982   .0686538  -.1512372
   .7220266   .2885048  -.4604118
  -.3212438  -.0008552   .7707531
   .6765962  -.9216182  -.3289657
   .7477458  -.7895920   .5031886
   .4078445   .5712743  -.4941530
   .4503276  -.4511039   .2306640
  -.6263046   .5125980   .9211636
  -.6126647   .3958499   .1124871
  -.9133859  -.0191550  -.4836516
  -.4245656  -.8899043  -.1441965
  -.7485750  -.8903639  -.1241863
   .8035333  -.2018383   .3094277
  -.7965083  -.2898116  -.5882654
   .0164678   .3734422   .9173191
  -.7921889  -.8522494  -.8041956
   .7306371   .3882012   .5440614
  -.2157767   .9688661   .8453283
   .4175651  -.4407609  -.3335967
  -.5923769   .5875735   .0236375
  -.0887711  -.4422045  -.9035079
  -.8597920  -.0691047   .4338698
  -.3189819  -.6361253  -.6237540
   .9649806   .9896457   .0782919
   .2162302  -.7264762   .7494605
   .3590858   .8687797  -.5780597
   .9576092  -.0005021   .2514503
  -.1243727   .9114916   .5410283
  -.7771001   .6810822   .6680212
  -.1767347  -.0044825   .3105140
  -.0919662  -.8454225  -.7533655
   .2699468  -.6643393   .1122036
  -.5846891   .5292258   .3546808
   .2447915   .8845577   .3082223
  -.1559367  -.3754692  -.5868659
  -.3563209   .2039099  -.2115297
  -.6130507   .0223064  -.7316625
  -.6073837  -.5793638   .4696131
  -.7543380   .2529268  -.0778253
   .2575796   .4595935   .3735306
  -.0829477   .8526623  -.1292851
  -.1123905  -.1779268   .9561779
   .3249004  -.3130357  -.7660823
   .7947493  -.4726958  -.0771620
  -.0479369   .1803026  -.6175866
   .9003239   .5718873  -.8386545
   .8108830   .0987477  -.5303929
  -.9948664  -.6698546   .5887265
   .5494471  -.2140520  -.3483627
  -.4485512  -.6824372   .4603040
   .1636617   .8197951  -.2243056
   .9013093   .7026322   .3767729
  -.3424132  -.0402596  -.8238790
  -.5280495   .7642014   .3436627
  -.1275120   .4574020   .3449805
  -.6315036   .5011034   .0037475
   .2814035  -.6670289  -.0886106
  -.5976551  -.1842656  -.6400537
   .4973767   .8032458   .3271532
   .9782517  -.7296002   .0693951
  -.0160832  -.3691478  -.8683486
  -.1681907   .6102173  -.2744741
   .1679933  -.5159364   .1986539
  -.5790606   .1513197  -.1327391
   .3125825   .7482407  -.8177371
  -.7344456  -.0138025   .1480467
   .9781997   .2179475   .3288331
  -.0001321   .4784806   .2955267
  -.0718217   .1655116   .7523370
   .6641898  -.0708160   .2017982
  -.7490234  -.0940936  -.0380220
   .1339641   .9460864  -.9635482
  -.4102890   .4606709   .8364961
  -.1686528   .9961805   .5838487
  -.4234359   .4684319   .0433321
   .2217522  -.1041453   .1222894
   .6442821   .3476131  -.8561447
  -.9325259   .7821748   .9446077
  -.5030053   .4840341   .5911980
   .4370606  -.8447542   .3423176
   .5628653   .2237809  -.6741526
   .5615690   .8749688   .2661209
  -.9038036  -.5380981   .3960655
  -.8507819   .8882635  -.0900464
  -.6276829  -.2358994  -.2411909
  -.3324060   .5714962  -.0128818
   .1778429  -.0850086   .0371549
   .1113787  -.5514929  -.4044821
   .3822017   .3065722   .0332716
   .0305438   .8465717   .9815490
  -.1492305   .9692492   .0324173
  -.7887411  -.1933410   .5812569
   .9884832   .1947203  -.1522651
  -.7748258   .1875887  -.0088863
  -.0592523  -.7714336  -.3685863
  -.6642342   .0714219  -.3086421
  -.3080404   .0649333   .4578683
   .6557472   .7021320  -.0133703
  -.1585498   .9370863  -.6712682
   .6394117   .5196929   .6629670
  -.1591785  -.0020094  -.3696530
  -.0824983   .1780493  -.0318336
   .3460898  -.5287936  -.6024854
   .7739136   .3775487  -.7500527
  -.8272929   .1759357   .0716481
  -.2182946   .5635340   .7924585
   .6212044   .8512278  -.4503610
   .2748363  -.9122574  -.1355965
  -.9789939  -.9706945  -.8530340
   .1245403   .0725660  -.6284895
  -.4916236  -.1339777   .5273585
   .9125023   .9390182   .1427052
  -.6585190  -.4196446  -.5149362
  -.5282724   .7780452   .7414048
  -.9582765  -.3935537   .7658043
  -.4263923   .7505040   .6187260
   .6616871   .6998041   .3775446
   .5832150  -.5304422   .3244462
  -.7361608   .4884624  -.7533016
  -.0939751   .8321612  -.6459424
   .6877301   .4021728   .3611839
   .3274560  -.3805199   .7864790
  -.0964026  -.0920696   .4168119
  -.2881367  -.8634536   .0088303
   .8251405  -.0152099  -.8470573
  -.0068994   .0174208  -.5825624
  -.5097556  -.8930249   .3284941
   .4820912  -.2022135   .1339855
  -.1041491   .9781816   .3522682
  -.9642453  -.5016105   .4645565
  -.3929210  -.3242619  -.1978478
   .3020604  -.4195316   .2989728
  -.9118445   .0418150   .2366629
  -.7858901   .9243469  -.9969192
  -.7041399   .9103827   .0481787
   .6052184   .8980331   .5672069
   .4371002  -.0339365   .0013742
   .9287446   .4116123  -.3693054
  -.0965478  -.3714921   .8657522
  -.8019660  -.4886911  -.8322937
  -.6795180  -.0918756  -.5130734
  -.1856482   .2177753   .3752506
   .9183447  -.1214199  -.9109590
   .4267445  -.4273229  -.5378771
   .0632985   .8006339  -.6057627
   .3081720   .6435723   .4066815
  -.4645917  -.6018217  -.5079691
   .1235883  -.0207994  -.8273034
   .0508101   .5055075   .0416784
  -.1031835   .3867066   .5233231
   .9434664   .1149569  -.1205478
   .4407649   .9814479   .4211867
  -.5477507  -.3380218   .9011269
   .1253045  -.8603039   .2787151
  -.8596773  -.6184909   .5143971
   .1766825  -.8899751  -.1011028
  -.1322043   .5540824  -.1644816
  -.3865831  -.7332354   .2386842
   .3420126  -.4903350  -.4752851
   .5000038  -.5337324   .6676311
  -.6149528   .3543839   .6892560
  -.2194266  -.0466335   .8660436
   .7741148   .9455094  -.2435026
   .2583311   .0181482  -.7642775
   .1372707   .6657460   .8441098
   .3840287   .5265894   .3649259
  -.1963315   .6178875   .8862822
   .4158771   .9074259   .0465653
   .2281251  -.5929921  -.7791486
  -.1853356  -.0031786  -.9828556
  -.2605937  -.0789723   .1045382
  -.1488461  -.1837771  -.6998379
   .3045328  -.9373786  -.0099657
   .5535727  -.8434284  -.2953615
   .1125968  -.9282620  -.5647209
  -.0114427   .1119938   .9494131
  -.8642175   .4855917   .1417911
   .4315920  -.2275741   .2705815
  -.3495677  -.8185601  -.8299694
  -.0193675   .9480722  -.5701635
  -.5037298   .2636046  -.4202085
  -.4160912   .8380539  -.5868182
  -.2222698   .4098363   .8039775
   .0628936   .6997175   .1911004
   .8292966   .6927435  -.1038051
   .9645519  -.5000367  -.6818533
   .9684374  -.2471893   .8125415
  -.1345327   .1677961  -.3645065
   .7919230   .1809807  -.6565063
   .9662430   .2230325   .2323842
   .1758392   .6379247   .2188687
  -.4878783   .7737522  -.8343661
   .1944764   .1037643  -.7453680
  -.4050333  -.9944904  -.0764701
   .0312195  -.5805304  -.3544400
  -.0353968  -.2599266  -.1729252
   .3659091   .2735226  -.2315478
  -.4514108   .9269660   .9476800
  -.1568825   .8355012  -.8323767
  -.8422148  -.2023914   .1247721
  -.5709789   .6046429   .1338024
   .4693096   .4436023   .9018068
   .3287649  -.4174819   .6007583
  -.2877088   .4835615  -.6433697
   .0495961   .6657317  -.2576568
  -.4448340   .7543359  -.2516601
   .7669749   .0855801   .1161990
   .7885485  -.9262137   .7308230
  -.4600008  -.2377908  -.4158134
  -.5040183  -.8363447  -.1282015
   .2689881  -.9095111  -.4272380
  -.5132754  -.6556618   .0783086
  -.2909458  -.3743050  -.7874327
  -.7650223  -.7351739  -.2308345
   .5346766  -.9265556   .4229980
   .5800440  -.7602916  -.8166862
   .2625067   .3124146  -.2656925
  -.0042579   .3447471  -.2274878
   .6730492  -.1965916   .2400839
  -.8028972   .8931139   .9118788
  -.9343271  -.0419669  -.1772969
   .4574575  -.0371559  -.5026386
  -.2994792   .2139773   .8720584
  -.8614025  -.9136541  -.3314362
  -.5380633   .4795220   .8902035
  -.3425679  -.4055333   .8555996
   .1837809   .7754564  -.6781263
  -.0221655  -.1418610   .2843993
   .8575437  -.9306819  -.0328631
   .5574839  -.5603759  -.1234989
   .0471394   .0466900   .1721823
  -.3885283   .1157477   .3382306
  -.9158304   .2363472   .2951603
   .3628762  -.1492035  -.2118309
  -.0198801  -.3717632  -.2434011
   .1861913   .2411826  -.0747747
  -.5895703  -.5874553   .6118119
   .0334473   .6021013   .3990161
  -.7828884   .8858590   .5335109
   .9747834  -.4214549  -.6242487
   .1069200   .6906857   .3986943
  -.3681054  -.6555147  -.8274314
   .4264979  -.6149199  -.4845533
  -.6317990   .2705965  -.4949305
   .6991849  -.2297223   .6807063
  -.1083608   .1009486   .3751481
  -.4046564  -.1097383  -.4792027
   .7364933   .9379101   .1376045
  -.1242537  -.8470497   .3159192
  -.5374496   .2981718  -.6956322
   .3958597   .7317173   .5223856
   .5797989  -.7194445  -.6911294
   .1291530   .9314344  -.3399889
   .1529975   .3260982  -.6803024
  -.8897853   .2896338  -.6872234
  -.5291080   .7185929  -.6785114
   .5523472   .5968344   .3106432
  -.5244665   .9924388  -.5558231
  -.2450197  -.4230878   .7311790
   .4082017   .0045946  -.4297864
  -.3830235  -.3163095   .1157298
  -.6783206  -.3147845   .3206627
  -.5553629  -.8379877  -.9441788
   .4477248   .4388211   .6687598
  -.4775710   .9782684   .4312394
   .1152585  -.4288940   .1980531
  -.0161479  -.5187905  -.4855785
  -.7703662   .0878727   .2439306
  -.6471257  -.8481874  -.7356930
  -.6617136   .2184424   .1422319
  -.6196105  -.0994895  -.0573337
   .3943954   .5997193   .3006110
  -.7402763  -.0394251  -.5673385
   .6549144  -.6008914   .6834946
  -.9588544  -.9007900  -.2435477
  -.8810174   .6983588  -.8782694
   .0106494   .4599016   .6162541
  -.8681743   .6487868  -.2311299
  -.3918595  -.8049798   .3646955
   .6100256   .5205088   .2567379
  -.0563982   .6242297  -.3502007
   .9727900   .0091627   .1037540
  -.8932791   .8635912   .0505157
   .7940760  -.8888474   .8204494
   .5352223  -.6656742  -.6231530
  -.1860328  -.3453193  -.3945434
  -.0690286   .8151610   .4198508
  -.6956217   .7026670   .9577231
  -.2522819   .9113297   .1094244
  -.1779404  -.3246663   .8414993
   .0345337  -.4633701  -.7371199
  -.7351387  -.0303900   .6879668
  -.5367522   .2564795  -.6006584
   .1646914  -.5754085  -.1090217
   .6110504   .7192023   .9198585
  -.6637821   .7458825   .7539759
  -.0018837  -.0701025   .4583158
  -.7706931  -.4040701  -.0747731
   .2610819  -.3511963  -.2624204
  -.4362907  -.5471344  -.3809264
  -.0310328  -.6778767  -.9898262
   .5342479  -.1763976  -.6254361
   .1657794   .2868996  -.2377043
   .8927588  -.3725979  -.1348710
  -.9448643  -.6493177  -.0334654
   .2541640  -.0829256   .2616639
  -.1183703  -.9406424  -.7288146
   .2111423  -.1274254  -.8647776
   .7872384   .4581442  -.6211154
  -.8001411  -.5155599   .3212521
   .0115998   .6812990  -.7174373
  -.1908660  -.5475926   .9734051
   .2754061   .7118018  -.3177636
  -.5590725  -.3697770   .4630189
  -.8544238  -.2484903  -.8657985
  -.2745695  -.1631045   .9129896
  -.6804879   .9817400  -.5539427
  -.8226733  -.2825818   .8176842
  -.3955474  -.8109441   .8797040
   .9315391  -.9543085   .3424852
  -.4467800  -.9204321  -.6374052
   .6226742   .5607693  -.1226103
   .9349751   .8971126   .6248209
   .5780163   .4453878   .6456573
  -.0891907   .0515621  -.7538726
  -.7722239  -.1029723   .1579266
   .1164305  -.4143271   .4517303
   .9644461  -.5101361   .3416409
   .9521878   .2151084   .5262673
  -.7709253   .9649568   .1279898
  -.1641018  -.9500856  -.5831509
   .0409720  -.3198628   .9261737
  -.0216491  -.5519023   .9969411
  -.7033737  -.4787309   .0584979
   .4637825   .2047739  -.6722322
  -.2827494  -.3648970  -.0912519
  -.2959332   .9435143   .3456249
  -.3541958   .1309669   .7314599
   .5048602  -.1604393  -.1332467
  -.3967278  -.3775280  -.6828544
  -.9626191  -.0619087  -.8145993
   .4333141  -.2685909  -.1681120
  -.9742219   .7799270  -.2177324
   .7308884  -.7989841  -.5569370
  -.1558220  -.9328651  -.9276531
  -.2628071   .9680383  -.5517826
  -.2244461  -.2574399  -.8092055
   .9270358   .3045557   .7263274
   .8662562  -.7193623  -.6215701
  -.3010454  -.9331276   .8553305
   .8293121   .1241364   .4924815
   .8701074  -.4909847  -.9627800
  -.3587344   .3648875   .8131671
   .1963489   .3204591  -.3954599
  -.0126681   .5922463  -.2694950
   .1129329  -.0439582  -.5452919
   .4666450   .9729202  -.1455538
   .3839235   .1091659   .5022962
  -.8671083  -.7470407   .5470481
   .2498384   .4482214  -.0167315
   .2235267  -.1930315  -.3100479
  -.9896524  -.0200994   .3650134
   .1970377   .0591412  -.1034868
  -.1456780  -.9557056  -.8263297
  -.2151120   .3694067  -.3765771
  -.3857083  -.5936284  -.5659745
  -.5041416  -.1641483  -.1318386
  -.3826725  -.3532946  -.8877697
  -.2862730  -.8135984  -.7046723
   .4353480   .6004438   .4651296
  -.2682805  -.3970246   .9652698
  -.3651788   .5610118   .3365612
   .5527570  -.6315722  -.4790330
  -.5711086   .0995753   .1935966
  -.1789908  -.5364051  -.0308795
  -.0625167   .9537034  -.9089322
   .8173242  -.7466528   .4502714
   .3492455  -.8187399  -.0447555
   .6402583   .0729253  -.4405551
   .7425075  -.0719278   .3320680
   .3717926   .7885308  -.2390697
  -.0115342  -.4165852   .1052322
   .4110360  -.3887124  -.0044098
   .8451791  -.2756035   .6118028
   .9084516  -.3537843  -.6694460
   .7306464  -.0028355  -.1557319
  -.8329690   .5238516  -.3043988
  -.6530616   .2731023   .0594203
  -.3494692  -.3609076   .6498420
  -.1653938  -.4032741  -.7965462
  -.7564924  -.5458252   .6826344
  -.1116166   .7521996  -.8090408
  -.5012305   .1894624  -.8078601
  -.0578370  -.1792672   .6907845
  -.2100708   .8615537  -.1475399
   .3746986  -.2607205   .7224801
  -.4728580  -.1185501  -.2928479
  -.5467772   .5666592  -.6670933
   .8628266   .6783776   .6079431
   .1810822  -.3069930  -.3610773
  -.0179567  -.1302881  -.7056909
   .9200466   .3642325   .2465272
  -.1332030  -.6367595  -.2471983
   .8031313  -.3944669   .7636309
   .2457538  -.8347478  -.5716996
  -.2567129  -.7083261  -.7688065
  -.7531960  -.3047929  -.5025694
   .5528996   .3463745  -.8217559
   .0549719   .2125864  -.9708812
   .4644959  -.5847924  -.6711075
   .6845722  -.7121952  -.5862436
   .5117245   .1810367   .7343419
  -.2701411  -.2930059  -.0259442
  -.0084972  -.9123800  -.8789999
   .2351544  -.2508800   .8382800
   .8375623   .3328989   .6448364
   .1311288  -.7724752   .9326153
   .7053113   .6728463   .4989765
   .3790965   .2468100  -.4516013
   .0830045  -.6091518   .7165029
  -.4016762   .6206591  -.3683662
  -.0372648   .2378073  -.1696975
  -.9974849   .7755442  -.5049598
   .6096401  -.1394982   .6291435
  -.7987854   .5651183  -.3851640
  -.1257541  -.5467589   .5004759
  -.2314060  -.6360424   .2579396
   .1990073   .3606493   .6075745
   .1465049   .6636894   .6203089
   .9782526   .8509078  -.2636476
   .9065568  -.0755138   .8918164
  -.4675417  -.7857244   .2266598
  -.9038553   .9525383  -.4051468
   .3427007  -.8037548  -.8669910
  -.2506530  -.4233932  -.7143331
   .9646738   .4228909  -.0426519
  -.7842228  -.0827973  -.6932380
  -.1649983   .2712135  -.8398979
   .7295470   .3550475  -.3229194
   .1867461   .8849261   .3963130
  -.4297304  -.0148904  -.3926003
   .7660329   .1786408   .3011441
  -.5914047   .2024777   .5238042
  -.0454383  -.7853384   .9078212
  -.8066351  -.4993894   .1540704
   .2719321  -.9137242   .9913394
   .8527832   .6514778  -.7590668
  -.1357472  -.5129638   .2633913
   .9791789  -.4036176  -.8618817
   .4582665   .7196834  -.7030017
   .8064377  -.6406906  -.7734933
   .6530724   .4159551  -.1130047
   .6071444   .8509994   .9701178
  -.3468475  -.9856334   .1765077
   .8206284   .7058578   .3218236
   .6859660   .8506937   .2433991
   .0836778   .3807278   .3256769
  -.8805690   .1680717   .1555254
   .2453916  -.8604412   .2723584
  -.6259546   .9688821   .2263803
  -.5593078   .3943617   .5659890
  -.4130757   .1443391  -.9191725
   .0703850   .1058135  -.8563311
   .8185334   .0868254   .6266551
   .6490660   .1382110  -.6464565
  -.7079329  -.0726695   .5320599
   .9907651  -.5779254  -.0503995
  -.3885837   .6621127   .4182529
   .1472642   .3224316  -.9016719
  -.6815765  -.3761919   .4208429
  -.4017544  -.7993925  -.1733716
   .5713573   .2185118  -.0563619
  -.3887684   .6906891   .2572556
  -.7092447   .2806349   .8666101
  -.3058476  -.4409337   .6161475
  -.7322538   .1987298   .0787265
  -.7761917  -.1791141  -.7007198
  -.8770769  -.0309541   .1125195
  -.5308671  -.4586620  -.6629317
   .0851266  -.5796895  -.8143640
   .7831006  -.2367380  -.1178098
   .1128943   .4987140   .2286286
  -.3136671  -.6117370  -.1124201
  -.1086223  -.3745561   .9695292
  -.7735929  -.5683885  -.9678843
  -.7084742  -.2003114   .4504337
   .4552567  -.8077021   .2538714
  -.0878041   .1713035   .2891638
  -.7424054   .6144152   .4372478
   .0717266   .5510767   .4726949
   .2742257   .4264786  -.3611376
  -.6766632   .2670047  -.3081803
   .9133229  -.5898573  -.4587898
   .5751421   .8776033  -.0801847
   .4063509   .0057156  -.2707825
  -.6039691  -.9322538   .2152793
   .3957067  -.7541597  -.1122780
   .8543839  -.5249794  -.2008259
   .3969457   .1328158   .6206048
  -.5583053   .1323774  -.6677303
   .1825457   .0804696   .0929232
  -.4356897   .8743362   .2505798
   .4734898   .6954336  -.3335080
   .4712036  -.7367802  -.2433500
  -.5331628  -.0020423   .8154950
   .3324056  -.2781143  -.1364515
  -.2369363   .3386714   .4850109
   .9787345   .5358834   .0381346
   .4772890  -.5383887  -.2335720
   .8882253  -.4331124  -.2139904
  -.3703320  -.5128973  -.8903556
   .8333342  -.5002952   .9454780
  -.9243786  -.1630533  -.2420363
   .6716812   .3890042  -.5804045
   .4765203   .4995351  -.0868862
  -.5460565   .9956141   .0901852
   .9007201   .5923545   .6340919
  -.5204964   .3631012  -.4010124
   .8496070   .0034111   .3467841
  -.1365421   .3534048   .7977703
  -.8121550   .7138784  -.4331019
   .5034013  -.1036785   .1533239
   .0647888  -.7859142  -.1765718
  -.6714826   .0677688   .3630743
  -.8902171  -.9774923  -.7831860
  -.0123463   .9509606   .0331447
  -.5248671   .4211981   .4448662
   .9250910   .8007333  -.0254328
  -.3912625   .8554552  -.4661317
   .1231234  -.0565290  -.2992032
   .8536596  -.6293192   .5823939
  -.7492709   .6297722   .0076206
  -.4349015   .5697560   .2190635
  -.6404638   .9863474  -.6576385
  -.4167376  -.9666655   .4834054
  -.8583672   .6905713   .6131034
  -.7580998  -.6973858  -.6498926
  -.9842694  -.4003587  -.5035696
   .5777576   .4376044  -.6776519
  -.3954294  -.6704276   .9416509
   .3272505  -.1620028   .4003823
  -.8531532   .7227042   .9206624
   .3494148  -.8928857  -.3088911
  -.2133079   .6954699   .1181924
  -.8329072   .6007409  -.8932869
   .9778543   .9133215   .3904974
   .9330537   .5347605  -.9585876
  -.7823048  -.3880789   .1849740
  -.9799850   .2227550  -.2953486
  -.1044869   .2352223   .8233705
  -.0145879   .0099635  -.1406791
   .9071991   .0284111  -.0324333
  -.2425106   .4869680  -.5039697
   .9651029   .2247837  -.5518472
  -.4215126  -.8944411   .9217927
   .1156385  -.5077314  -.9928286
   .8078144  -.6034546   .7421792
   .9953220   .1285131  -.6935973
  -.8466206   .8723602  -.6155245
  -.4050193  -.1914220  -.5327508
  -.3218238   .0593591  -.9619801
   .7076533   .7635677  -.5791206
   .5834196  -.2676897   .4129102
  -.1688690   .3562791  -.7789204
   .4033439  -.6498997   .8230956
   .5454869  -.7882080   .2230315
  -.9159110  -.6328483   .9190650
   .6269317  -.2623091  -.1886165
  -.3249509   .8123415  -.8106127
  -.5845585   .2400026   .4339919
  -.6644187   .3965828  -.6868472
  -.5556419   .9090056  -.1034536
  -.4157829  -.7280226   .6118712
   .2200139  -.8326373   .3971539
   .5006480   .7838097   .5076804
   .7577696  -.0911081  -.2154143
  -.6316025  -.7934225  -.1093874
  -.2812345  -.1391225  -.5956612
   .1499271  -.3774948  -.4621429
   .0661607   .7701380   .0055473
  -.9341636  -.7469809   .3170121
  -.8207469  -.3257565  -.9798317
  -.9055774   .7534685   .7710288
   .8898244   .5076361  -.1527255
   .1418765   .4244463   .7372131
   .5900695   .7829840   .1057534
   .9143782  -.6204596  -.8812628
   .9849586  -.8822558  -.0909941
  -.7857945  -.2081172   .0227468
   .7854164   .0330133   .9939966
   .6776018   .6424565  -.1450429
  -.8840895   .4037571  -.6014924
  -.1020293   .7371335  -.3702669
  -.3814003  -.1155345  -.2400839
   .0483387   .9386752   .8373137
   .2292778  -.7069659   .9930270
   .0245354  -.4967813   .3637238
   .3263679   .0483191  -.3925161
   .0536532  -.4340725  -.3854258
   .8867128   .8534081   .2650294
   .6545241   .2125907  -.4161527
  -.5821249   .8811688  -.8160152
   .6913099   .1051395  -.7280018
  -.2798905  -.4549184  -.3018069
   .8714442   .8368192  -.8491714
   .1734896  -.9794188   .2342947
   .3774180   .1479442  -.6681767
   .4291146   .1137421   .0000236
  -.1658461  -.6728551  -.0035427
   .4030838   .8438447  -.0944791
  -.2788379   .9601519  -.1093948
  -.3323159   .1528437  -.4422100
  -.2056806   .8473613  -.5697305
   .1392913  -.3214285   .0807257
   .9737973   .6610196   .2712204
  -.6217089   .8091447  -.3506134
  -.0616670   .3640184   .0472696
  -.2209756   .0819478   .8743708
   .9132600   .6006374  -.1670947
   .5655537   .1815045   .5283301
  -.8805666   .6425533  -.7629957
  -.9808118   .4451215   .6029634
   .8340597  -.7457228  -.1087072
   .4557898  -.1740632   .8078260
   .0383065   .2292490   .8730710
  -.1099722   .0703695  -.5487893
  -.0450354   .5158315   .0569663
  -.6679401  -.9438999  -.2217689
  -.2324407   .5373724   .5411656
   .7409604   .2100325   .7721939
  -.0664582  -.0386574  -.8916609
  -.2989569   .6109617  -.2667718
  -.0918939   .9689624   .6772985
  -.2596521  -.4156761  -.8757985
   .9938228   .6124837  -.9345546
   .9086766   .9429772   .9458985
   .6497204   .6086934   .7482641
  -.7603540   .0364656   .4876995
  -.1549695  -.4369152   .6850719
   .7199919   .6291144  -.0166302
  -.6592224  -.1706572  -.1111093
  -.9417536  -.4853861  -.4809432
  -.8377781   .0382016   .8004866
   .6693048   .5792668   .8385801
  -.5603828   .0742846  -.0767095
  -.4000823  -.1499572  -.0127962
   .9766366  -.1543410  -.0444145
  -.9862013  -.0541952  -.3311810
   .5469790   .8327663   .6315246
   .7107878   .8411410   .7881341
  -.8331270  -.4452236  -.2584522
  -.9339149   .4941223  -.4966965
   .8134432   .4781494  -.3807597
   .7003191  -.2584422   .5332735
   .2474208  -.6325903   .5444496
  -.3839192   .5405202   .9416513
   .9673917  -.6266410  -.1887865
  -.2619448   .2429614  -.8589184
  -.9027174  -.4039514   .0874856
   .1152167  -.5494680  -.1960227
  -.4429560   .9431078  -.0102675
   .7856538   .9799635  -.5028918
  -.5464809  -.5950401   .6983857
  -.4070904  -.8771005   .5315559
   .4126217  -.5187583   .9746678
  -.6458263   .1881626  -.7715046
  -.4238095  -.1708229   .1885908
  -.3315649   .5441501  -.3407898
   .4624567   .9700751  -.5568993
   .7266388  -.4815447  -.6555653
   .0535991   .0709257  -.7021163
  -.3158412   .4791145   .9884584
  -.7677228   .3006122   .3451736
   .5756879  -.7332680   .4148269
   .3453283  -.5814412  -.4422557
  -.6124542  -.0465050  -.8014789
   .1365347  -.8026211  -.2544274
   .7294369   .4365141   .1745367
   .3608007   .9131775   .8793273
   .3157566   .7106769   .0063636
  -.9364498   .7522390   .5108821
   .2090611   .4448500   .4701824
   .5971587  -.2165723   .1758926
  -.3987491   .7606795  -.5237060
  -.5180082   .2793450   .0024920
  -.1459789   .4619653   .6620033
   .5535879  -.1915045  -.7312605
  -.2200632   .6120505  -.6603606
  -.5271177   .7975445   .5325346
  -.0778711   .3418915  -.7471101
  -.4235907  -.6326056   .7566273
  -.6334255  -.5867794   .8521998
   .5242231   .9766042   .1326318
   .3450620   .8429701  -.6855083